list1 =[1,2,3,6,8,4,9,22,44,55,1,2,3,6,8,4,9,22,44,55,1,2,3,6,8,4,9,22,44,55,1,2,3,6,8,4,9,22,44,55,1,2,3,6,8,4,9,22,44,55,1,2,3,6,8,4,9,22,44,55,1,2,3,6,8,4,9,22,44,55,1,2,3,6,8,4,9,22,44,55,1,2,3,6,8,4,9,22,44,55,1,2,3,6,8,4,9,22,44,55,1,2,3,6,8,4,9,22,44,55,1,2,3,6,8,4,9,22,44,55,1,2,3,6,8,4,9,22,44,55,1,2,3,6,8,4,9,22,44,55,1,2,3,6,8,4,9,22,44,55,1,2,3,6,8,4,9,22,44,55,1,2,3,6,8,4,9,22,44,55,1,2,3,6,8,4,9,22,44,55,1,2,3,6,8,4,9,22,44,55,1,2,3,6,8,4,9,22,44,55,1,2,3,6,8,4,9,22,44,55,1,2,3,6,8,4,9,22,44,55,1,2,3,6,8,4,9,22,44,55,1,2,3,6,8,4,9,22,44,55,1,2,3,6,8,4,9,22,44,55,1,2,3,6,8,4,9,22,44,55,1,2,3,6,8,4,9,22,44,55,1,2,3,6,8,4,9,22,44,55,1,2,3,6,8,4,9,22,44,55,1,2,3,6,8,4,9,22,44,55,1,2,3,6,8,4,9,22,44,55,1,2,3,6,8,4,9,22,44,55,1,2,3,6,8,4,9,22,44,55,1,2,3,6,8,4,9,22,44,55,1,2,3,6,8,4,9,22,44,55,1,2,3,6,8,4,9,22,44,55,1,2,3,6,8,4,9,22,44,55,1,2,3,6,8,4,9,22,44,55,1,2,3,6,8,4,9,22,44,55,1,2,3,6,8,4,9,22,44,55,1,2,3,6,8,4,9,22,44,55,1,2,3,6,8,4,9,22,44,55,1,2,3,6,8,4,9,22,44,55,1,2,3,6,8,4,9,22,44,55,1,2,3,6,8,4,9,22,44,55,1,2,3,6,8,4,9,22,44,55,1,2,3,6,8,4,9,22,44,55,1,2,3,6,8,4,9,22,44,55,1,2,3,6,8,4,9,22,44,55,1,2,3,6,8,4,9,22,44,55,1,2,3,6,8,4,9,22,44,55,1,2,3,6,8,4,9,22,44,55,1,2,3,6,8,4,9,22,44,55,1,2,3,6,8,4,9,22,44,55,1,2,3,6,8,4,9,22,44,55,1,2,3,6,8,4,9,22,44,55,1,2,3,6,8,4,9,22,44,55,1,2,3,6,8,4,9,22,44,55,1,2,3,6,8,4,9,22,44,55,1,2,3,6,8,4,9,22,44,55,1,2,3,6,8,4,9,22,44,55,1,2,3,6,8,4,9,22,44,55,1,2,3,6,8,4,9,22,44,55,1,2,3,6,8,4,9,22,44,55,1,2,3,6,8,4,9,22,44,55,1,2,3,6,8,4,9,22,44,55,1,2,3,6,8,4,9,22,44,55,1,2,3,6,8,4,9,22,44,55,1,2,3,6,8,4,9,22,44,55,1,2,3,6,8,4,9,22,44,55,1,2,3,6,8,4,9,22,44,55,1,2,3,6,8,4,9,22,44,55,1,2,3,6,8,4,9,22,44,55,1,2,3,6,8,4,9,22,44,55,1,2,3,6,8,4,9,22,44,55,1,2,3,6,8,4,9,22,44,55,1,2,3,6,8,4,9,22,44,55,1,2,3,6,8,4,9,22,44,55,1,2,3,6,8,4,9,22,44,55,77]
se =77

for i in list1:
  if i== se:
    flag =True
  else:
    flag =False

if flag:
  print("present")
else:
  print("not present")